124309448;413696406;4337142645;
124309448;4337142645;4567157363;
124309448;4567157363;413696405;
124309448;413696405;413696404;
124309448;413696404;413696403;
124309448;413696403;413696402;
124309448;413696402;413696401;
124309448;413696401;413696400;
124309448;413696400;1553105765;
124309448;1553105765;413696397;
124309448;413696397;413696396;
124309448;413696396;413696395;
141895611;1553106400;1553106403;
141895611;1553106403;1553106392;
141895611;1553106392;1553106388;
141895611;1553106388;1553106321;
141895611;1553106321;1553106274;
141895611;1553106274;1553106202;
141895611;1553106202;1553105911;
141895611;1553105911;1553105896;
141895611;1553105896;1553105807;
141895625;1551150421;1553106214;
141895625;1553106214;1553106192;
141895625;1553106192;1553106076;
141895625;1553106076;1553106021;
141895625;1553106021;1553106015;
141895625;1553106015;1553106014;
141895625;1553106014;1553106072;
141895625;1553106072;1553106182;
141895625;1553106182;1553106269;
141895625;1553106269;1553106284;
141895625;1553106284;1553106340;
141895625;1553106340;1553106430;
141895625;1553106430;1553106458;
141895667;1553105904;1553106403;
141895684;1553105902;1553105904;
141895684;1553105904;1553105911;
141895707;1553106849;1553107091;
141895707;1553107091;1553107147;
141895709;1553105810;1553105912;
141895709;1553105912;1553106079;
141895709;1553106079;1553106266;
141895709;1553106266;1553106325;
141895709;1553106325;1553106518;
141895709;1553106518;1553106519;
141895709;1553106519;1553106524;
141895709;1553106524;1553106531;
141895709;1553106531;1553106527;
141895709;1553106527;1553106521;
141895709;1553106521;1553106533;
141895709;1553106533;1553106672;
141895709;1553106672;1553106800;
141895709;1553106800;1553106842;
141895709;1553106842;1553106885;
141895709;1553106885;1553106943;
141895709;1553106943;1553106985;
141895709;1553106985;1553107039;
141895709;1553107039;1553107093;
141895709;1553107093;1553107140;
141895709;1553107140;1553107278;
141895709;1553107278;1553107281;
141895709;1553107281;1553107457;
141895709;1553107457;1553107545;
141895709;1553107545;1553107752;
141895709;1553107752;1553107798;
141895709;1553107798;1553107908;
141895709;1553107908;1553107949;
141895709;1553107949;1553107998;
141895709;1553107998;1553108009;
141895709;1553108009;1553108032;
141895712;1553107498;1553107500;
141895712;1553107500;1553107536;
141895712;1553107536;1553107541;
141895712;1553107541;1553107530;
141895712;1553107530;1553107455;
141895712;1553107455;1553107443;
141895712;1553107443;1553107404;
141895712;1553107404;1553107392;
141895712;1553107392;1553107389;
141895712;1553107389;1553107395;
141895712;1553107395;1553107439;
141895712;1553107439;1553107445;
141895712;1553107445;1553107452;
141895712;1553107452;1553107440;
141895712;1553107440;1553107401;
141895712;1553107401;1553107387;
141895712;1553107387;1553107301;
141895712;1553107301;1553107292;
141895712;1553107292;1553107281;
141895712;1553107281;1553107143;
141895712;1553107143;1553107124;
141895774;1553106015;1553105897;
141895774;1553105897;4567157365;
141895774;4567157365;1553105899;
141895774;1553105899;1553105948;
141895774;1553105948;1553106026;
141895774;1553106026;1553106031;
141895774;1553106031;1553106024;
141895784;1553106844;1553106567;
141895784;1553106567;1553106458;
141895784;1553106458;1553106378;
141895784;1553106378;4567157348;
141895784;4567157348;1553106339;
141895784;1553106339;1553106448;
202441423;1553106280;1553106439;
202441423;1553106439;1553106578;
202441423;1553106578;1553106670;
202441423;1553106670;1553106704;
202441423;1553106704;1553106746;
202441423;1553106746;1553106752;
202441423;1553106752;1553106794;
202441423;1553106794;1553106844;
202441423;1553106844;1553106849;
202441423;1553106849;1553106889;
202441423;1553106889;1553106935;
202441423;1553106935;1553107089;
202441423;1553107089;1553107124;
202441424;1553107124;1553107088;
202441424;1553107088;1553106991;
202441424;1553106991;1553106893;
202441424;1553106893;1553106798;
202441424;1553106798;1553106448;
202441424;1553106448;1553106400;
202441424;1553106400;1553106332;
202441424;1553106332;1553106024;
202441424;1553106024;1553105983;
202441424;1553105983;1553105945;
202441424;1553105945;1553105902;
202441424;1553105902;1553105844;
202441424;1553105844;1553105765;
381421912;3846229004;3846229007;
381421912;3846229007;3846229001;
381421912;3846229001;3846228988;
381421912;3846228988;3846228973;
381421912;3846228973;3846228960;
381421912;3846228960;3846228957;
381421912;3846228957;3846228956;
381421912;3846228956;3846228958;
381421912;3846228958;3846228968;
381421912;3846228968;3846228984;
381421912;3846228984;3846228997;
381421912;3846228997;3846229004;
381421914;413696395;3846228960;
381421915;3846228988;413696395;
381421916;3846228957;1383974979;
381421917;1383974979;3846228903;
381421917;3846228903;3846228958;
381421918;3846228903;3846228947;
381421918;3846228947;3846228981;
381421919;1383974979;1383974980;
381421919;1383974980;1383974977;
381421919;1383974977;1383974981;
381421919;1383974981;1383974781;
381421919;1383974781;1383974756;
381421919;1383974756;1553103734;
381421919;1553103734;1383974774;
381423500;413696361;3846229284;
381423500;3846229284;413696359;
381423500;413696359;413696367;
381423500;413696367;3846228982;
381423500;3846228982;1553105755;
381423500;1553105755;413696374;
381423500;413696374;413696376;
381423500;413696376;3846228838;
381423500;3846228838;413696377;
381423500;413696377;413696378;
381423500;413696378;413696381;
381423500;413696381;413696382;
381423500;413696382;413696385;
381423500;413696385;1553105810;
381423500;1553105810;3846229071;
381423500;3846229071;413696387;
381423500;413696387;413696388;
381423500;413696388;413696394;
381423564;3846229004;1553105807;
381423595;1553105807;3846229001;
381423657;413696394;3846228997;
381423794;3846228968;3846228981;
381423794;3846228981;413696394;
381423845;413696396;3846228798;
381423845;3846228798;3846228799;
381423845;3846228799;3846228846;
